% Step number #290  [  1.04160000e+00   1.40000000e-04];[  1.01593000e+00   1.40000000e-04]
mat  fuel  7.99146447378581E-02 fix 09c 9.00000E+02 vol 5.51573E+06 burn 1 rgb 253 231 37
1001.09c        6.00530159351e-08
1002.09c        3.01903685271e-09
1003.09c        1.25690384329e-07
2003.09c        1.41287861678e-09
2004.09c        6.65698543935e-06
20060        3.27204489834e-15
3006.09c        9.75914627394e-08
3007.09c        0.0226794156007
30080        3.19013049398e-14
30090        1.28542499736e-22
40080        7.90823696776e-31
4009.09c        0.00505571591259
40100        8.84924831472e-08
40110        1.06987839985e-31
5010.09c        8.39810973825e-13
5011.09c        4.71465529109e-16
50120        3.9317856708e-24
60120        8.3637746778e-12
60130        3.02384431274e-12
60140        1.01220715244e-12
60150        9.20983674795e-23
70130        1.89235424028e-29
7014.09c        1.61318081542e-15
7015.09c        1.83650536516e-07
70160        9.45905294273e-14
70170        3.18806087017e-25
8016.09c        6.95789785155e-07
8017.09c        3.36521310404e-10
80180        3.47710020843e-09
80190        2.59650201601e-14
90180        4.55192653519e-14
9019.09c        0.0482604017209
90200        2.27945800245e-13
100200        1.09912685938e-06
100210        1.22126295691e-12
250610        4.02800510529e-22
250620        4.10125313218e-24
260580        5.1089264762e-20
260590        1.61569554826e-22
260600        8.37508405147e-15
260610        2.88181639034e-19
260620        6.62555421916e-20
260640        1.22173927768e-21
260650        9.40741025392e-29
260660        2.4032317147e-24
270590        1.01938669802e-21
270600        4.35655656821e-21
270601        1.11112308682e-25
270610        4.80033255565e-18
270620        9.26989068116e-20
270630        1.46171503437e-21
270640        3.05962804759e-22
270650        7.60952911572e-22
270660        3.46318233938e-22
270670        1.10095747444e-21
270680        9.48642652614e-23
270690        1.69840908808e-21
280600        1.82279363877e-20
28061.09c        4.14369876717e-14
28062.09c        5.09169930892e-14
280630        3.48186506377e-15
28064.09c        5.39366987439e-14
280650        6.22750991372e-18
280660        5.43438503833e-16
280670        1.63806930101e-19
280680        2.98059272004e-19
280690        1.62232754525e-19
280691        2.38700719231e-20
280700        2.05842778774e-19
280710        8.99127829864e-20
280720        4.59592141419e-20
280730        1.63239889515e-20
280740        5.58207819052e-21
280750        2.14954361745e-21
290630        2.71741617506e-17
290640        9.52406141655e-24
29065.09c        3.5449823654e-14
290660        8.53500185308e-19
290670        1.81754855312e-15
290680        3.56134065763e-19
290681        2.47855313597e-19
290690        4.89648185086e-18
290700        2.68885474867e-19
290701        3.87244833388e-19
290702        2.31669243585e-19
290710        1.21890849576e-18
290720        6.25321464229e-19
290730        2.09769025356e-17
290740        5.98871568431e-18
290750        3.13499072937e-18
290760        2.32211115085e-20
290761        4.60075063533e-20
290770        1.17713271996e-20
290780        5.11837637566e-22
300640        2.07511627663e-21
300660        1.43342132298e-13
300670        4.20187912671e-13
300680        6.05443549377e-13
300690        9.9198885029e-17
300691        2.98892325204e-17
300700        2.55638018859e-12
300710        9.44103513705e-18
300711        1.58256784827e-16
300720        3.05027051201e-13
300730        2.59646228045e-16
300731        6.61425889505e-17
300732        4.36906845991e-17
300740        3.37315297474e-15
300750        6.39588462203e-16
300760        4.89073472162e-16
300770        1.49452702039e-16
300771        1.06554285237e-17
300780        8.16135946804e-17
300790        1.26370046204e-17
300800        2.77492067888e-18
300810        3.65245866483e-20
310690        1.5278904717e-12
310700        2.7405814913e-27
310710        3.96637670108e-12
310720        9.31201042346e-14
310721        2.43219835251e-21
310730        2.74750301695e-13
310740        1.47946729276e-14
310741        3.56387918529e-16
310750        1.09293684034e-14
310760        5.76152354917e-15
310770        5.01406641378e-15
310780        1.33270098897e-15
310790        9.33194986129e-16
310800        2.42806827746e-16
310810        7.79812866645e-17
310820        5.0615187675e-18
310830        7.2882946295e-20
310840        6.32887249811e-22
320700        5.67492525712e-23
320710        4.00952420533e-19
32072.09c        9.59618329724e-11
32073.09c        8.03671148234e-10
320731        7.73763789562e-18
32074.09c        2.12322038734e-09
320750        4.78051775854e-13
320751        5.61045930351e-16
32076.09c        1.16516328646e-08
320770        1.38078742733e-11
320771        2.28578642647e-14
320780        5.753648825e-12
320790        1.17048883722e-14
320791        5.87233900301e-14
320800        9.45401362734e-14
320810        1.69311126383e-14
320811        3.8566275431e-15
320820        8.38979275963e-15
320830        8.47409186578e-16
320840        1.03558386064e-16
320850        1.16248102163e-17
320860        1.04853048248e-18
320870        1.22429488476e-20
33075.09c        4.96614580608e-09
330760        3.58619738848e-13
330770        9.71594140338e-11
330780        6.18520607638e-12
330790        1.23301526034e-12
330800        6.67235261391e-14
330810        1.84035253949e-13
330820        5.38893360966e-14
330821        4.02607211489e-14
330830        6.8874730919e-14
330840        5.22234351311e-15
330841        8.4440871021e-16
330850        3.13598644951e-15
330860        3.35123721279e-16
330870        7.91130125792e-17
330880        4.04961755335e-18
330890        4.74955385982e-19
330900        4.78040000316e-29
340760        0.0
34077.09c        0.0
340771        0.0
34078.09c        0.0
34079.09c        0.0
340791        0.0
34080.09c        0.0
340810        0.0
340811        0.0
34082.09c        0.0
340830        0.0
340831        0.0
340840        0.0
340850        0.0
340860        0.0
340870        0.0
340880        0.0
340890        0.0
340900        0.0
340910        0.0
340920        0.0
350780        1.69686667543e-33
35079.09c        1.57772698032e-15
350800        9.35398994162e-19
350801        1.04388741086e-17
35081.09c        1.22413745843e-08
350820        7.9966603605e-12
350821        8.81472712585e-15
350830        1.67712706618e-10
350840        5.63906244211e-11
350841        5.59435822397e-13
350850        6.68705221329e-12
350860        2.36591856284e-12
350870        2.22851446022e-12
350880        4.13912070107e-13
350890        6.6603002453e-14
350900        8.99007527332e-15
350910        8.45672634076e-16
350920        4.13380509135e-17
350930        2.72501821191e-18
350940        2.02834967416e-20
350950        2.04143805285e-21
360790        0.0
36080.09c        0.0
360810        0.0
360811        0.0
36082.09c        0.0
36083.09c        0.0
360831        0.0
36084.09c        0.0
36085.09c        0.0
360851        0.0
36086.09c        0.0
360870        0.0
360880        0.0
360890        0.0
360900        0.0
360910        0.0
360920        0.0
360930        0.0
360940        0.0
360950        0.0
360960        0.0
360970        0.0
360980        0.0
370840        1.30204907638e-21
37085.09c        1.44808927236e-06
37086.09c        2.82158070045e-10
370861        2.71083387095e-15
37087.09c        3.7763183932e-06
370880        1.07000656177e-10
370890        1.04988150475e-10
370900        1.1645593094e-11
370901        1.05971327639e-11
370910        5.7817045717e-12
370920        2.92440617004e-13
370930        2.53938646537e-13
370940        4.59290479673e-14
370950        2.77607152155e-15
370960        1.80069503228e-16
370961        1.20649583232e-16
370970        4.35058957373e-17
370980        6.60291741693e-19
370981        5.5701668628e-19
370990        2.7920629196e-20
371000        8.11554682796e-23
371010        2.76084862543e-30
380840        2.77545941158e-22
38086.09c        5.55707873723e-09
38087.09c        1.78561707546e-10
380871        6.84962084701e-15
38088.09c        4.96785089526e-06
38089.09c        5.01518906984e-07
38090.09c        6.19104986797e-06
380910        4.19657440915e-09
380920        1.17711422946e-09
380930        5.48010409214e-11
380940        8.22381460646e-12
380950        1.67843074441e-12
380960        3.94263733126e-14
380970        5.78377750707e-15
380980        2.60376474999e-15
380990        1.76404142746e-16
381000        2.32684993509e-17
381010        1.23783649829e-18
381020        1.26409889924e-20
381030        9.22062736814e-29
381040        1.75678862388e-21
390880        4.90761791414e-18
39089.09c        2.06229252689e-08
390891        1.99602518467e-16
39090.09c        8.50546527401e-10
390901        1.01979736239e-13
39091.09c        2.11865650495e-08
390911        2.12550386684e-10
390920        1.5501148621e-09
390930        4.70120166931e-09
390931        2.95766206363e-14
390940        1.39163823984e-10
390950        6.94504255895e-11
390960        2.84114673642e-13
390961        2.83323939973e-13
390970        7.65179783173e-14
390971        4.60538026076e-14
390972        1.12948877631e-15
390980        5.0092802513e-15
390981        3.79336880738e-14
390990        2.23833553095e-14
391000        1.74955941223e-15
391001        2.13009719565e-15
391010        5.63196454963e-16
391020        2.17306305586e-17
391021        2.60767566996e-17
391030        5.65873116219e-18
391040        5.68902908894e-20
391050        6.17848078995e-20
391060        8.38528600875e-22
400900        2.35944728636e-08
40091.09c        1.28533418705e-07
40092.09c        4.78696304447e-07
40093.09c        5.02783491597e-07
40094.09c        4.97526739045e-07
40095.09c        3.35134420932e-07
40096.09c        4.20120211972e-07
400970        6.12604470291e-09
400980        2.75131848333e-12
400990        1.58199682829e-13
401000        3.87036731639e-13
401010        5.03898811101e-14
401020        2.55750404695e-14
401030        2.02343910498e-15
401040        3.10429226795e-16
401050        1.17197910223e-17
401060        4.16765759921e-18
401070        1.01647198866e-20
401080        8.279626932e-22
410930        0.0
410931        0.0
41094.09c        0.0
410941        0.0
41095.09c        0.0
410951        0.0
410960        0.0
410970        0.0
410971        0.0
410980        0.0
410981        0.0
410990        0.0
410991        0.0
411000        0.0
411001        0.0
411010        0.0
411020        0.0
411021        0.0
411030        0.0
411040        0.0
411041        0.0
411050        0.0
411060        0.0
411070        0.0
411080        0.0
411090        0.0
411100        0.0
411110        0.0
411120        0.0
420940        0.0
42095.09c        0.0
42096.09c        0.0
42097.09c        0.0
42098.09c        0.0
42099.09c        0.0
42100.09c        0.0
421010        0.0
421020        0.0
421030        0.0
421040        0.0
421050        0.0
421060        0.0
421070        0.0
421080        0.0
421090        0.0
421100        0.0
421110        0.0
421120        0.0
421130        0.0
421140        0.0
421150        0.0
430980        0.0
43099.09c        0.0
430991        0.0
431000        0.0
431010        0.0
431020        0.0
431021        0.0
431030        0.0
431040        0.0
431050        0.0
431060        0.0
431070        0.0
431080        0.0
431090        0.0
431100        0.0
431110        0.0
431120        0.0
431130        0.0
431140        0.0
431150        0.0
431160        0.0
431170        0.0
440980        0.0
440990        0.0
44100.09c        0.0
44101.09c        0.0
44102.09c        0.0
44103.09c        0.0
441031        0.0
44104.09c        0.0
44105.09c        0.0
44106.09c        0.0
441070        0.0
441080        0.0
441090        0.0
441100        0.0
441110        0.0
441120        0.0
441130        0.0
441131        0.0
441140        0.0
441150        0.0
441160        0.0
441170        0.0
441180        0.0
441190        0.0
451020        0.0
45103.09c        0.0
451031        0.0
451040        0.0
451041        0.0
45105.09c        0.0
451051        0.0
451060        0.0
451061        0.0
451070        0.0
451080        0.0
451081        0.0
451090        0.0
451100        0.0
451101        0.0
451110        0.0
451120        0.0
451121        0.0
451130        0.0
451140        0.0
451141        0.0
451150        0.0
451160        0.0
451161        0.0
451170        0.0
451180        0.0
451190        0.0
451200        0.0
451210        0.0
451220        0.0
461040        0.0
46105.09c        0.0
46106.09c        0.0
46107.09c        0.0
461071        0.0
46108.09c        0.0
461090        0.0
461091        0.0
46110.09c        0.0
461110        0.0
461111        0.0
461120        0.0
461130        0.0
461131        0.0
461140        0.0
461150        0.0
461151        0.0
461160        0.0
461170        0.0
461171        0.0
461180        0.0
461190        0.0
461200        0.0
461210        0.0
461220        0.0
461230        0.0
461240        0.0
471070        0.0
471080        0.0
47109.09c        0.0
471091        0.0
47110.09c        0.0
471101        0.0
47111.09c        0.0
471111        0.0
471120        0.0
471130        0.0
471131        0.0
471140        0.0
471141        0.0
471150        0.0
471151        0.0
471160        0.0
471161        0.0
471170        0.0
471171        0.0
471180        0.0
471181        0.0
471190        0.0
471191        0.0
471200        0.0
471201        0.0
471210        0.0
471220        0.0
471221        0.0
471230        0.0
471240        0.0
471241        0.0
471250        0.0
471260        0.0
471270        0.0
471280        0.0
481080        5.38206683596e-18
481100        2.33449821038e-12
48111.09c        2.47586327443e-10
48112.09c        6.71769322352e-10
48113.09c        1.41246952366e-10
481131        1.31334206248e-11
48114.09c        2.39578842821e-09
48115.09c        7.12355214933e-11
481151        4.51653401398e-11
48116.09c        1.36070024359e-09
481170        1.96454643378e-12
481171        1.05055678222e-12
481180        9.3586222918e-13
481190        3.38647836511e-14
481191        1.41044140446e-14
481200        1.60584664416e-14
481210        1.78797444062e-15
481211        1.419057841e-15
481220        1.24430638678e-15
481230        1.13477218066e-16
481231        1.90604322586e-16
481240        2.98187563067e-16
481250        9.09899044766e-17
481251        1.53366012398e-16
481260        1.42020226549e-16
481270        3.42221302748e-17
481280        9.69054895877e-18
481290        6.9369275135e-19
481291        7.33464372178e-19
481300        1.98192078562e-19
481310        6.42452309321e-21
481320        1.83864577228e-28
491120        6.75820931377e-25
49113.09c        5.77964375062e-14
491140        8.76768609799e-21
491141        1.10216173232e-16
49115.09c        1.26401871849e-09
491151        5.97733486186e-12
491160        5.82184050445e-16
491161        2.954750529e-17
491162        1.31543913143e-20
491170        5.18406457068e-13
491171        1.411276301e-12
491180        1.5529795722e-15
491181        5.45938793212e-17
491182        1.14614295632e-18
491190        2.06800290851e-14
491191        2.06183015317e-13
491200        1.0102395035e-15
491201        5.49223746278e-16
491202        5.62300517311e-16
491210        6.12431394282e-15
491211        2.3398449155e-14
491220        4.22088052292e-16
491221        3.45924370881e-16
491222        3.45924370881e-16
491230        1.64495136129e-15
491231        3.45645255224e-15
491240        1.11324257798e-15
491241        4.031246105e-16
491250        2.84788493369e-15
491251        3.20173603497e-15
491260        1.66571177999e-15
491261        1.20639149186e-15
491270        1.60548581458e-15
491271        1.58564841228e-15
491280        6.69426027193e-16
491281        2.55067783094e-18
491282        4.96161103641e-16
491290        4.54232789414e-16
491291        2.13387616486e-16
491300        1.64019789557e-17
491301        3.37801717202e-17
491302        5.69430026764e-17
491310        4.10514112752e-18
491311        5.04812695664e-18
491312        4.61543035778e-18
491320        2.23676078924e-19
491330        4.01515828429e-20
491331        7.29014578185e-21
491340        3.32175336358e-28
501120        4.43617384522e-22
501140        1.74230216012e-16
50115.09c        6.90793213561e-11
50116.09c        7.84739784622e-11
50117.09c        1.20987974613e-09
501171        7.95504851682e-13
50118.09c        1.23090726551e-09
50119.09c        8.06814079887e-10
501191        4.7601462814e-10
50120.09c        1.39453260396e-09
501210        3.26018983016e-11
501211        1.20532971356e-10
50122.09c        1.53067910286e-09
50123.09c        1.72878577123e-10
501231        8.36215905492e-13
50124.09c        2.45067347719e-09
50125.09c        5.67436993902e-10
501251        8.18767007891e-13
50126.09c        1.68765083142e-08
501270        3.26997555718e-11
501271        8.25327766077e-13
501280        5.37645688754e-11
501281        6.68336924652e-14
501290        7.96275467947e-13
501291        5.3726440621e-12
501300        1.08169958207e-12
501301        1.129953557e-12
501310        1.17844961253e-13
501311        2.94349708749e-13
501320        1.02632180987e-13
501330        3.185727961e-16
501340        3.48412571796e-17
501350        1.15008964008e-18
501360        5.69079568834e-20
501370        5.38702241818e-21
511200        0.0
511201        0.0
51121.09c        0.0
511220        0.0
511221        0.0
51123.09c        0.0
51124.09c        0.0
511241        0.0
511242        0.0
51125.09c        0.0
51126.09c        0.0
511261        0.0
511262        0.0
511270        0.0
511280        0.0
511281        0.0
511290        0.0
511291        0.0
511300        0.0
511301        0.0
511310        0.0
511320        0.0
511321        0.0
511330        0.0
511340        0.0
511341        0.0
511350        0.0
511360        0.0
511370        0.0
511380        0.0
511390        0.0
52122.09c        0.0
52123.09c        0.0
521231        0.0
52124.09c        0.0
52125.09c        0.0
521251        0.0
52126.09c        0.0
52127.09c        0.0
521271        0.0
52128.09c        0.0
52129.09c        0.0
521291        0.0
52130.09c        0.0
521310        0.0
521311        0.0
52132.09c        0.0
521330        0.0
521331        0.0
521340        0.0
521350        0.0
521360        0.0
521370        0.0
521380        0.0
521390        0.0
521400        0.0
521410        0.0
521420        0.0
531260        1.33133790978e-15
53127.09c        2.01312336377e-09
531280        8.36996129607e-15
53129.09c        3.20641956219e-08
53130.09c        3.80132635826e-12
531301        2.1636909273e-14
53131.09c        3.52160948173e-08
531320        3.5098317086e-10
531321        7.78788104279e-12
531330        8.27205802722e-09
531331        5.2010844844e-14
531340        3.50042220356e-10
531341        3.76993791742e-12
53135.09c        1.94195236302e-09
531360        1.80544903382e-12
531361        1.51191579821e-12
531370        5.77592099519e-13
531380        4.5366109601e-14
531390        7.13272288873e-15
531400        5.01686267643e-16
531410        4.68017564924e-17
531420        1.45336080414e-18
531430        1.22931886757e-19
531440        4.86543044322e-21
541260        0.0
541270        0.0
54128.09c        0.0
54129.09c        0.0
541291        0.0
54130.09c        0.0
54131.09c        0.0
541311        0.0
54132.09c        0.0
541321        0.0
54133.09c        0.0
541331        0.0
54134.09c        0.0
541341        0.0
54135.09c        0.0
541351        0.0
54136.09c        0.0
541370        0.0
541380        0.0
541390        0.0
541400        0.0
541410        0.0
541420        0.0
541430        0.0
541440        0.0
541450        0.0
541460        0.0
541470        0.0
551320        1.70336444373e-14
55133.09c        8.38551448216e-07
55134.09c        7.37260060595e-08
551341        3.6963452699e-12
55135.09c        1.2414792628e-06
551351        1.1530337308e-13
55136.09c        2.12271260866e-09
551361        8.29172342932e-15
55137.09c        5.84848624962e-06
551380        2.13834063993e-10
551381        2.19845712443e-12
551390        5.34165291926e-11
551400        5.25662986994e-12
551410        1.58114207801e-12
551420        5.41130709612e-14
551430        2.34621456582e-14
551440        2.50210582983e-15
551441        1.63593135157e-15
551450        3.45712824726e-16
551460        2.41987965245e-17
551470        1.61734708544e-18
551480        1.44362094095e-19
551490        9.98027506069e-21
561320        1.52654377201e-14
561330        4.13254374957e-15
56134.09c        2.17758648423e-08
56135.09c        8.48007285524e-11
561351        4.72502190432e-14
56136.09c        8.37045250518e-08
561361        7.68833357039e-19
56137.09c        1.67862887227e-07
561371        9.03972852599e-13
56138.09c        5.78575442195e-06
561390        5.23659887267e-10
56140.09c        1.31670082872e-07
561410        1.24785616352e-10
561420        7.72736661606e-11
561430        1.31758076004e-12
561440        6.00801831457e-13
561450        8.33632233253e-14
561460        1.22651451462e-14
561470        1.18190737001e-15
561480        1.36952596417e-16
561490        6.43056112264e-18
561500        5.96360059634e-19
561510        4.79156684536e-20
561520        3.98276028446e-28
571370        6.70682319729e-16
57138.09c        7.95390538155e-15
57139.09c        1.89235043621e-08
57140.09c        1.23388085836e-08
571410        1.63396655574e-09
571420        6.88470069879e-10
571430        9.23973286284e-11
571440        3.3140692278e-12
571450        1.26547494628e-12
571460        7.45220583579e-14
571461        1.14556930253e-13
571470        4.46421970391e-14
571480        4.63306315137e-15
571490        9.38977153788e-16
571500        6.64428157218e-17
571510        7.15625114134e-18
571520        1.21923815878e-18
571530        2.38585828753e-20
571540        3.46964731564e-28
581380        1.66491785124e-16
581381        6.54747364823e-24
581390        1.00060498732e-15
581391        2.57959999689e-19
58140.09c        9.18224559611e-09
58141.09c        1.86484392376e-08
58142.09c        2.2049321564e-08
58143.09c        1.0184535207e-08
58144.09c        1.5625202623e-08
581450        1.12381328625e-11
581460        3.81502493854e-11
581470        1.88422479143e-12
581480        1.2027420522e-12
581490        5.0773990115e-14
581500        1.4577464447e-14
581510        1.12041356634e-15
581520        2.00478071857e-16
581530        3.68648383541e-17
581540        1.50956217786e-18
581550        8.74155986585e-21
581560        1.39422424834e-25
591400        1.29428903422e-21
59141.09c        5.59485798689e-10
59142.09c        1.08570900243e-14
591421        9.80495253384e-17
59143.09c        8.99711555291e-09
591440        7.04829483805e-13
591441        1.86117325745e-14
591450        1.37023303587e-09
591460        6.8634099228e-11
591470        2.75985633254e-11
591480        3.02036919266e-12
591481        2.57481364862e-13
591490        1.89666292613e-12
591500        4.69347176378e-14
591510        7.69915075096e-14
591520        5.08072709991e-15
591530        2.00948281442e-15
591540        1.38776847931e-16
591550        4.58471957026e-18
591560        9.73984642929e-19
591570        4.28108547196e-24
591580        1.22197134409e-29
601420        7.47871707096e-15
601430        5.17229186383e-10
60144.09c        6.09063928334e-11
60145.09c        1.00645423297e-08
60146.09c        8.42476391499e-09
60147.09c        5.60358250745e-09
60148.09c        4.38149623444e-09
601490        9.03213390373e-11
60150.09c        1.65458828442e-09
601510        4.69910525372e-12
601520        2.48384866638e-12
601530        7.31927537151e-14
601540        1.67156083915e-14
601550        1.77866902379e-15
601560        2.64808356011e-16
601570        1.83175749376e-18
601580        7.49341146907e-20
601590        3.35189827812e-24
601600        8.05463291591e-25
611450        1.57830599765e-21
611460        2.61338937133e-18
61147.09c        5.4220437743e-10
61148.09c        3.60289350179e-13
611481        3.43784869948e-13
61149.09c        1.64947697985e-09
611500        9.66671323804e-13
61151.09c        5.35779748332e-10
611520        9.05566520496e-13
611521        1.45889914729e-14
611522        3.09702029776e-14
611530        7.99250515251e-13
611540        7.6935513574e-14
611541        1.54040054381e-14
611550        1.70176762721e-14
611560        3.69473437197e-15
611570        5.42563441992e-16
611580        1.05927688706e-16
611590        3.24799145814e-19
611600        2.15506764187e-20
611610        7.58099534248e-24
611620        8.85318508245e-29
621460        2.29872553734e-22
621470        3.97076802529e-13
621480        3.98799950883e-14
62149.09c        7.20021894127e-10
62150.09c        1.52140651824e-10
62151.09c        5.88995705148e-10
62152.09c        6.77126817313e-10
62153.09c        2.81709759736e-10
621531        1.52817941671e-19
62154.09c        1.58113594414e-10
621550        5.99521925662e-13
621560        7.12215159175e-12
621570        5.92735960423e-14
621580        2.44072063476e-14
621590        9.94583657298e-17
621600        4.5196260632e-17
621610        2.37291861202e-20
621620        1.01519355956e-20
621630        4.6735891605e-24
621640        7.30121456244e-29
631490        1.93675689741e-24
631500        6.65513681623e-18
63151.09c        7.53242026062e-12
631520        4.38197397833e-11
63153.09c        4.60279174363e-08
63154.09c        5.31693650506e-09
631541        4.36062190246e-14
63155.09c        2.71307107245e-09
63156.09c        1.49619405728e-09
63157.09c        8.40283686552e-12
631580        2.21755749658e-13
631590        1.86135714565e-14
631600        2.69006249447e-16
631610        1.09088062152e-18
631620        2.33660186623e-19
631630        4.56240472128e-20
631640        4.13969117965e-24
631650        3.60579311688e-24
641520        5.121044817e-15
64154.09c        3.49989887498e-12
64155.09c        3.00608446963e-12
64156.09c        2.04590091067e-10
64157.09c        2.03062617823e-11
64158.09c        2.24421169481e-11
641590        1.09252318597e-12
64160.09c        1.41322989066e-12
641610        1.63218683223e-16
641620        3.24071379158e-17
641630        1.29229347186e-18
641640        1.86232503534e-19
641650        5.47797527641e-21
641660        3.88733324766e-23
641670        1.92655449751e-24
651580        1.33813620247e-15
65159.09c        8.05838718484e-10
65160.09c        1.78299201782e-11
651610        7.38885088071e-13
651620        3.11001959127e-17
651630        2.55590557528e-17
651640        1.68567228986e-18
651650        4.4727054843e-19
651660        1.27297183929e-20
651670        7.74350793846e-23
651680        8.92725098439e-24
651690        1.00863219673e-24
661580        7.01518061421e-19
66160.09c        5.48052147751e-11
66161.09c        4.03417296527e-11
66162.09c        1.91807270464e-11
66163.09c        9.70660042113e-12
66164.09c        1.29638034621e-12
661650        9.15860169122e-16
661651        5.04012726754e-18
661660        2.88761830699e-16
661670        5.15410875013e-19
661680        3.67805696981e-19
661690        4.79482162755e-23
661700        1.66917333001e-23
661710        2.91822533571e-29
671630        3.39527256052e-24
671640        1.98420131575e-22
67165.09c        1.81603828426e-12
671660        1.41557750957e-15
671661        1.15437153085e-14
671670        1.88974398907e-17
671680        1.48179535902e-19
671681        7.5361424831e-27
671690        3.78002410278e-22
671700        7.18319312137e-28
671701        2.53861337465e-23
671710        1.18550073923e-23
671720        4.76956659983e-31
681640        9.31101149802e-19
681650        4.50559395955e-22
68166.09c        2.57238995214e-13
68167.09c        1.81532600754e-14
681671        1.15466334567e-21
68168.09c        1.19260732983e-13
681690        4.88489050345e-17
68170.09c        1.65825226324e-17
681710        6.56451182229e-21
681720        3.26570102173e-24
681730        3.4142274495e-28
681740        6.13756131905e-28
691690        1.38015137398e-15
691710        1.58781624332e-18
691720        4.48945874831e-24
691730        2.66854182733e-25
691740        2.06492999509e-27
691750        8.47758383384e-30
701710        1.69628776674e-19
701720        1.00458343833e-22
701730        4.50073747864e-23
701740        3.57427786527e-23
701750        2.07435103165e-25
701751        5.00059565062e-34
701760        5.28038580025e-29
711730        1.10565136446e-33
711740        1.19700035076e-30
71175.09c        2.97970446268e-24
711760        2.78402197052e-26
711761        1.55936401807e-28
721760        5.55302045661e-26
802060        1.79715940844e-28
812050        1.73581052766e-33
812060        6.68320436052e-27
812070        3.19892580212e-19
812080        1.54386688579e-16
812090        5.5867965999e-21
812100        1.79208188485e-27
822060        1.86593317312e-16
822070        2.05916472029e-14
822080        3.61878913828e-11
822090        2.43202800455e-17
822100        1.32922798154e-14
822110        2.42568351802e-18
822120        8.97176313691e-14
822140        1.76657931227e-22
832090        5.83982719617e-14
832100        8.08634483332e-18
832110        1.44465641653e-19
832120        8.50669624483e-15
832130        5.63939073753e-18
832140        1.29975591639e-22
832150        1.62193804215e-24
842100        1.48079811163e-16
842110        1.59490065706e-24
842120        4.50135471098e-25
842130        7.46949313006e-27
842140        7.45772061444e-26
842150        1.99467014571e-24
842160        3.47212327915e-19
842180        2.01617016209e-23
852150        2.57593561769e-31
852170        6.6597752678e-23
852180        3.37013119364e-29
852190        2.05348606345e-25
862170        1.2804362838e-28
862180        1.65381411698e-23
862190        4.45747577175e-21
862200        1.30908432556e-16
862220        3.6144279823e-20
872210        5.92604114604e-19
872220        8.91659995609e-27
872230        2.42018414338e-20
872240        2.34439378569e-26
882210        2.77126878426e-24
882220        1.66162379527e-20
882230        1.10602745003e-15
882240        7.35993333844e-13
882250        2.67209914751e-15
882260        5.60072557297e-15
882280        3.87253094977e-13
892250        1.78153101002e-15
892260        1.8443516872e-20
892270        9.12863144666e-13
892280        4.72336429597e-17
902250        2.18913884586e-28
902260        8.42618584048e-19
90227.09c        1.83982516423e-15
90228.09c        1.43465145651e-10
90229.09c        4.91874111802e-10
90230.09c        5.51365632248e-10
902310        1.02091326205e-10
90232.09c        [ 0.00379001]
90233.09c        2.72858349769e-09
90234.09c        3.04371588882e-10
902350        1.17390375902e-16
912290        5.4091977717e-19
912300        8.20182059655e-15
91231.09c        3.02011720279e-08
91232.09c        9.50737915756e-11
91233.09c        0.0
912340        2.92746442974e-11
912341        1.12078621038e-13
912350        4.11718008396e-16
922300        8.25153973453e-16
922310        1.35931214846e-15
92232.09c        2.25603441988e-08
92233.09c        [  7.51850312e-05]
92234.09c        9.39518749782e-06
92235.09c        1.39482276086e-06
922351        5.67101727799e-11
92236.09c        1.20803490777e-07
92237.09c        2.09137093974e-10
92238.09c        6.1444052257e-11
922390        2.10511989984e-16
922400        8.65721529597e-29
932330        5.21799061329e-33
932340        6.95214761129e-26
93235.09c        3.2859838987e-18
93236.09c        9.16610340687e-16
932361        2.24915974881e-21
93237.09c        4.3869195863e-09
93238.09c        1.18458034124e-11
93239.09c        4.68672718591e-14
932400        4.33549891967e-19
932401        8.86267893413e-20
942340        2.36784035369e-32
942350        5.8725461855e-29
94236.09c        1.15867251273e-18
94237.09c        9.05056139754e-17
942371        3.38840541984e-28
94238.09c        6.5370900139e-10
94239.09c        4.43353286934e-11
94240.09c        9.92493059481e-12
94241.09c        3.85342890753e-12
94242.09c        6.0818375509e-13
94243.09c        1.08591367781e-16
94244.09c        4.34776275925e-18
942450        1.71441689273e-22
942460        6.11640293308e-36
952380        1.85617700347e-40
952390        9.6953222108e-27
952400        1.60539933512e-22
95241.09c        3.96442511969e-14
95242.09c        1.61710137112e-16
952421        1.58555922073e-15
95243.09c        3.41599667154e-14
95244.09c        1.31506929854e-18
952441        8.53378163433e-19
952450        2.74237398896e-22
952461        9.78268984036e-39
962380        3.03304772437e-40
962390        2.93436327652e-35
96240.09c        1.03859443647e-24
96241.09c        3.10552580355e-22
96242.09c        1.03921176829e-14
96243.09c        7.40121258372e-17
96244.09c        3.08496426195e-15
962441        1.22971275869e-24
96245.09c        6.35630210712e-17
96246.09c        2.34413638349e-18
96247.09c        9.96394928227e-21
96248.09c        2.33424271728e-22
96249.09c        2.18888460426e-27
96250.09c        6.95724325488e-30
962510        3.67533542577e-35
972490        1.81280919187e-24
972510        1.21523100003e-34
982490        2.18555106203e-25
982510        1.21195902283e-31
